0.000000 1.000000
0.100000 1.000000
0.200000 0.990000
0.300000 0.970100
0.400000 0.940499
0.500000 0.901493
0.600000 0.853472
0.700000 0.796916
0.800000 0.732392
0.900000 0.660543
1.000000 0.582089
1.100000 0.497814
1.200000 0.408561
1.300000 0.315222
1.400000 0.218731
1.500000 0.120052
1.600000 0.020174
1.700000 -0.079907
1.800000 -0.179188
1.900000 -0.276678
2.000000 -0.371401
2.100000 -0.462410
2.200000 -0.548794
2.300000 -0.629691
2.400000 -0.704291
2.500000 -0.771848
2.600000 -0.831687
2.700000 -0.883208
2.800000 -0.925898
2.900000 -0.959328
3.000000 -0.983166
3.100000 -0.997171
3.200000 -1.001205
3.300000 -0.995227
3.400000 -0.979296
3.500000 -0.953573
3.600000 -0.918314
3.700000 -0.873872
3.800000 -0.820691
3.900000 -0.759303
4.000000 -0.690322
4.100000 -0.614438
4.200000 -0.532409
4.300000 -0.445057
4.400000 -0.353254
4.500000 -0.257918
4.600000 -0.160003
4.700000 -0.060488
4.800000 0.039632
4.900000 0.139355
5.000000 0.237685
5.100000 0.333638
5.200000 0.426255
5.300000 0.514609
5.400000 0.597817
5.500000 0.675047
5.600000 0.745526
5.700000 0.808550
5.800000 0.863489
5.900000 0.909793
6.000000 0.946999
6.100000 0.974735
6.200000 0.992723
6.300000 1.000784
6.400000 0.998838
6.500000 0.986903
6.600000 0.965099
6.700000 0.933644
6.800000 0.892852
6.900000 0.843132
7.000000 0.784981
7.100000 0.718980
7.200000 0.645789
7.300000 0.566141
7.400000 0.480830
7.500000 0.390712
7.600000 0.296686
7.700000 0.199694
7.800000 0.100704
7.900000 0.000708
8.000000 -0.099296
8.100000 -0.198306
8.200000 -0.295334
8.300000 -0.389408
8.400000 -0.479588
8.500000 -0.564972
8.600000 -0.644707
8.700000 -0.717994
8.800000 -0.784101
8.900000 -0.842368
9.000000 -0.892211
9.100000 -0.933131
9.200000 -0.964721
9.300000 -0.986663
9.400000 -0.998738
9.500000 -1.000827
9.600000 -0.992906
9.700000 -0.975057
9.800000 -0.947458
9.900000 -0.910383
10.000000 -0.864205
10.100000 -0.809385
10.200000 -0.746471
10.300000 -0.676092
10.400000 -0.598952
10.500000 -0.515823
10.600000 -0.427536
10.700000 -0.334973
10.800000 -0.239060
10.900000 -0.140757
11.000000 -0.041046
11.100000 0.059075
11.200000 0.158605
11.300000 0.256549
11.400000 0.351928
11.500000 0.443788
11.600000 0.531210
11.700000 0.613319
11.800000 0.689296
11.900000 0.758379
12.000000 0.819879
12.100000 0.873180
12.200000 0.917749
12.300000 0.953140
12.400000 0.979001
12.500000 0.995071
12.600000 1.001190
12.700000 0.997298
12.800000 0.983432
12.900000 0.959733
13.000000 0.926436
13.100000 0.883874
13.200000 0.832474
13.300000 0.772749
13.400000 0.705297
13.500000 0.630792
13.600000 0.549978
13.700000 0.463665
13.800000 0.372715
13.900000 0.278039
14.000000 0.180581
14.100000 0.081318
14.200000 -0.018758
14.300000 -0.118647
14.400000 -0.217349
14.500000 -0.313877
14.600000 -0.407267
14.700000 -0.496585
14.800000 -0.580936
14.900000 -0.659478
15.000000 -0.731425
15.100000 -0.796058
15.200000 -0.852731
15.300000 -0.900876
15.400000 -0.940012
15.500000 -0.969749
15.600000 -0.989787
15.700000 -0.999928
15.800000 -1.000070
15.900000 -0.990211
16.000000 -0.970449
16.100000 -0.940984
16.200000 -0.902108
16.300000 -0.854212
16.400000 -0.797773
16.500000 -0.733356
16.600000 -0.661606
16.700000 -0.583240
16.800000 -0.499042
16.900000 -0.409853
17.000000 -0.316565
17.100000 -0.220112
17.200000 -0.121458
17.300000 -0.021589
17.400000 0.078495
17.500000 0.177795
17.600000 0.275317
17.700000 0.370086
17.800000 0.461153
17.900000 0.547610
18.000000 0.628590
18.100000 0.703284
18.200000 0.770945
18.300000 0.830897
18.400000 0.882540
18.500000 0.925358
18.600000 0.958922
18.700000 0.982897
18.800000 0.997042
18.900000 1.001218
19.000000 0.995381
19.100000 0.979590
19.200000 0.954004
19.300000 0.918877
19.400000 0.874562
19.500000 0.821501
19.600000 0.760225
19.700000 0.691347
19.800000 0.615555
19.900000 0.533608
